 Node            Displacements                Applied/reaction forces
number     1-direction     2-direction      1-direction     2-direction
     1     0.000000000     0.000000000     -0.003306606    -0.001040403
     2     0.000000000     0.000000000     -0.004971882    -0.000656550
     3     0.000000000     0.000000000     -0.004713581    -0.000439265
     4     0.000000000     0.000000000     -0.004675394    -0.000204778
     5     0.000000000     0.000000000     -0.004665075     0.000000000
     6     0.000000000     0.000000000     -0.004675394     0.000204778
     7     0.000000000     0.000000000     -0.004713581     0.000439265
     8     0.000000000     0.000000000     -0.004971882     0.000656550
     9     0.000000000     0.000000000     -0.003306606     0.001040403
    10     0.005845939     0.003361520      0.000000000    -0.000000000
    11     0.004658347     0.001915270     -0.000000000    -0.000000000
    12     0.004492510     0.001122568     -0.000000000     0.000000000
    13     0.004425303     0.000528541     -0.000000000     0.000000000
    14     0.004410196    -0.000000000      0.000000000     0.000000000
    15     0.004425303    -0.000528541      0.000000000     0.000000000
    16     0.004492510    -0.001122568      0.000000000     0.000000000
    17     0.004658347    -0.001915270      0.000000000     0.000000000
    18     0.005845939    -0.003361520      0.000000000    -0.000000000
    19     0.010639684     0.004750654      0.000000000    -0.000000000
    20     0.009755582     0.003365404     -0.000000000     0.000000000
    21     0.009317443     0.002061091     -0.000000000     0.000000000
    22     0.009166345     0.000982979      0.000000000    -0.000000000
    23     0.009123686    -0.000000000      0.000000000    -0.000000000
    24     0.009166345    -0.000982979      0.000000000    -0.000000000
    25     0.009317443    -0.002061091     -0.000000000    -0.000000000
    26     0.009755582    -0.003365404      0.000000000     0.000000000
    27     0.010639684    -0.004750654     -0.000000000    -0.000000000
    28     0.015278537     0.005507234      0.000000000     0.000000000
    29     0.014737414     0.004076345      0.000000000    -0.000000000
    30     0.014332299     0.002649833     -0.000000000     0.000000000
    31     0.014120812     0.001292829     -0.000000000     0.000000000
    32     0.014059885     0.000000000     -0.000000000    -0.000000000
    33     0.014120812    -0.001292829     -0.000000000    -0.000000000
    34     0.014332299    -0.002649833      0.000000000    -0.000000000
    35     0.014737414    -0.004076345      0.000000000     0.000000000
    36     0.015278537    -0.005507234     -0.000000000     0.000000000
    37     0.019974671     0.005864277      0.000000000     0.000000000
    38     0.019670427     0.004415895     -0.000000000    -0.000000000
    39     0.019371081     0.002934571      0.000000000    -0.000000000
    40     0.019179056     0.001459352     -0.000000000     0.000000000
    41     0.019115126     0.000000000     -0.000000000    -0.000000000
    42     0.019179056    -0.001459352     -0.000000000     0.000000000
    43     0.019371081    -0.002934571     -0.000000000     0.000000000
    44     0.019670427    -0.004415895     -0.000000000     0.000000000
    45     0.019974671    -0.005864277      0.000000000    -0.000000000
    46     0.024757026     0.006017984     -0.000000000    -0.000000000
    47     0.024600128     0.004551025     -0.000000000     0.000000000
    48     0.024404324     0.003049534     -0.000000000    -0.000000000
    49     0.024260352     0.001527774      0.000000000    -0.000000000
    50     0.024208973     0.000000000     -0.000000000     0.000000000
    51     0.024260352    -0.001527774     -0.000000000    -0.000000000
    52     0.024404324    -0.003049534      0.000000000    -0.000000000
    53     0.024600128    -0.004551025     -0.000000000    -0.000000000
    54     0.024757026    -0.006017984     -0.000000000    -0.000000000
    55     0.029616568     0.006067524      0.000000000    -0.000000000
    56     0.029544566     0.004587163     -0.000000000     0.000000000
    57     0.029427545     0.003078733      0.000000000     0.000000000
    58     0.029332085     0.001545737      0.000000000    -0.000000000
    59     0.029296298     0.000000000     -0.000000000    -0.000000000
    60     0.029332085    -0.001545737      0.000000000     0.000000000
    61     0.029427545    -0.003078733      0.000000000     0.000000000
    62     0.029544566    -0.004587163      0.000000000    -0.000000000
    63     0.029616568    -0.006067524      0.000000000     0.000000000
    64     0.034533450     0.006070224      0.000000000    -0.000000000
    65     0.034506530     0.004580786     -0.000000000    -0.000000000
    66     0.034442330     0.003071708      0.000000000    -0.000000000
    67     0.034384632     0.001541944      0.000000000    -0.000000000
    68     0.034362148     0.000000000     -0.000000000    -0.000000000
    69     0.034384632    -0.001541944      0.000000000     0.000000000
    70     0.034442330    -0.003071708      0.000000000    -0.000000000
    71     0.034506530    -0.004580786     -0.000000000     0.000000000
    72     0.034533450    -0.006070224      0.000000000     0.000000000
    73     0.039488647     0.006055999     -0.000000000    -0.000000000
    74     0.039483062     0.004561019     -0.000000000    -0.000000000
    75     0.039450997     0.003053617      0.000000000     0.000000000
    76     0.039418891     0.001531448      0.000000000     0.000000000
    77     0.039405902     0.000000000      0.000000000     0.000000000
    78     0.039418891    -0.001531448     -0.000000000     0.000000000
    79     0.039450997    -0.003053617      0.000000000    -0.000000000
    80     0.039483062    -0.004561019      0.000000000     0.000000000
    81     0.039488647    -0.006055999      0.000000000    -0.000000000
    82     0.044467327     0.006039259      0.000000000     0.000000000
    83     0.044469933     0.004541142      0.000000000     0.000000000
    84     0.044455654     0.003035820      0.000000000    -0.000000000
    85     0.044439164     0.001521013      0.000000000     0.000000000
    86     0.044432198     0.000000000      0.000000000    -0.000000000
    87     0.044439164    -0.001521013     -0.000000000    -0.000000000
    88     0.044455654    -0.003035820      0.000000000     0.000000000
    89     0.044469933    -0.004541142     -0.000000000     0.000000000
    90     0.044467327    -0.006039259     -0.000000000     0.000000000
    91     0.049459198     0.006025975      0.000000000    -0.000000000
    92     0.049463440     0.004526202      0.000000000     0.000000000
    93     0.049457980     0.003022467     -0.000000000     0.000000000
    94     0.049450043     0.001513103     -0.000000000    -0.000000000
    95     0.049446476     0.000000000     -0.000000000     0.000000000
    96     0.049450043    -0.001513103      0.000000000    -0.000000000
    97     0.049457980    -0.003022467     -0.000000000     0.000000000
    98     0.049463440    -0.004526202      0.000000000     0.000000000
    99     0.049459198    -0.006025975      0.000000000    -0.000000000
   100     0.054457437     0.006017889     -0.000000000     0.000000000
   101     0.054460928     0.004517362     -0.000000000    -0.000000000
   102     0.054459272     0.003014483      0.000000000    -0.000000000
   103     0.054455296     0.001508345     -0.000000000     0.000000000
   104     0.054453330     0.000000000      0.000000000    -0.000000000
   105     0.054455296    -0.001508345     -0.000000000     0.000000000
   106     0.054459272    -0.003014483      0.000000000    -0.000000000
   107     0.054460928    -0.004517362     -0.000000000     0.000000000
   108     0.054457437    -0.006017889     -0.000000000     0.000000000
   109     0.059457438     0.006013780      0.002500000     0.000000000
   110     0.059460469     0.004513796      0.005000000    -0.000000000
   111     0.059460244     0.003012410      0.005000000     0.000000000
   112     0.059457893     0.001507609      0.005000000    -0.000000000
   113     0.059456608     0.000000000      0.005000000     0.000000000
   114     0.059457893    -0.001507609      0.005000000    -0.000000000
   115     0.059460244    -0.003012410      0.005000000    -0.000000000
   116     0.059460469    -0.004513796      0.005000000    -0.000000000
   117     0.059457438    -0.006013780      0.002500000    -0.000000000
                                            ___________     ___________
                              Summation     0.000000000    -0.000000000

Element                    Element strain                                   Element Stress
number      1-direction     2-direction     3-direction      1-direction     2-direction     3-direction
      1     0.010504286    -0.001446250     0.004089197      0.011066386     0.001873666     0.001572768
      2     0.009150857    -0.000792702     0.002872001      0.009794556     0.002145665     0.001104616
      3     0.008917813    -0.000594027     0.001583903      0.009603962     0.002287162     0.000609193
      4     0.008835500    -0.000528541     0.000513435      0.009535096     0.002331987     0.000197475
      5     0.008835500    -0.000528541    -0.000513435      0.009535096     0.002331987    -0.000197475
      6     0.008917813    -0.000594027    -0.001583903      0.009603962     0.002287162    -0.000609193
      7     0.009150857    -0.000792702    -0.002872001      0.009794556     0.002145665    -0.001104616
      8     0.010504286    -0.001446250    -0.004089197      0.011066386     0.001873666    -0.001572768
      9     0.009890979    -0.002831500     0.000767574      0.009935746     0.000149224     0.000295221
     10     0.009922168    -0.002097015     0.001784680      0.010212157     0.000966632     0.000686416
     11     0.009565974    -0.001672139     0.001174656      0.009960805     0.001316103     0.000451791
     12     0.009454531    -0.001511520     0.000396672      0.009891291     0.001455867     0.000152566
     13     0.009454531    -0.001511520    -0.000396672      0.009891291     0.001455867    -0.000152566
     14     0.009565974    -0.001672139    -0.001174656      0.009960805     0.001316103    -0.000451791
     15     0.009922168    -0.002097015    -0.001784680      0.010212157     0.000966632    -0.000686416
     16     0.009890979    -0.002831500    -0.000767574      0.009935746     0.000149224    -0.000295221
     17     0.009620686    -0.002816139     0.000042297      0.009643785     0.000076996     0.000016268
     18     0.009996689    -0.002730825     0.000456429      0.010085101     0.000294705     0.000175550
     19     0.009969324    -0.002435116     0.000536007      0.010152516     0.000610638     0.000206157
     20     0.009890667    -0.002275808     0.000206264      0.010118599     0.000759772     0.000079332
     21     0.009890667    -0.002275808    -0.000206264      0.010118599     0.000759772    -0.000079332
     22     0.009969324    -0.002435116    -0.000536007      0.010152516     0.000610638    -0.000206157
     23     0.009996689    -0.002730825    -0.000456429      0.010085101     0.000294705    -0.000175550
     24     0.009620686    -0.002816139    -0.000042297      0.009643785     0.000076996    -0.000016268
     25     0.009629147    -0.002879271    -0.000148773      0.009632270     0.000010410    -0.000057221
     26     0.009971795    -0.002907836    -0.000080174      0.009999389     0.000091981    -0.000030836
     27     0.010097026    -0.002832223     0.000047749      0.010161933     0.000216357     0.000018365
     28     0.010113485    -0.002752181     0.000041666      0.010206407     0.000309741     0.000016026
     29     0.010113485    -0.002752181    -0.000041666      0.010206407     0.000309741    -0.000016026
     30     0.010097026    -0.002832223    -0.000047749      0.010161933     0.000216357    -0.000018365
     31     0.009971795    -0.002907836     0.000080174      0.009999389     0.000091981     0.000030836
     32     0.009629147    -0.002879271     0.000148773      0.009632270     0.000010410     0.000057221
     33     0.009712055    -0.002915341    -0.000172304      0.009711487    -0.000001895    -0.000066271
     34     0.009962943    -0.002982815    -0.000245056      0.009964943     0.000006668    -0.000094252
     35     0.010114538    -0.002996978    -0.000152612      0.010126862     0.000041080    -0.000058697
     36     0.010175142    -0.002987126    -0.000046886      0.010196708     0.000071886    -0.000018033
     37     0.010175142    -0.002987126     0.000046886      0.010196708     0.000071886     0.000018033
     38     0.010114538    -0.002996978     0.000152612      0.010126862     0.000041080     0.000058697
     39     0.009962943    -0.002982815     0.000245056      0.009964943     0.000006668     0.000094252
     40     0.009712055    -0.002915341     0.000172304      0.009711487    -0.000001895     0.000066271
     41     0.009803981    -0.002947320    -0.000143221      0.009801961    -0.000006732    -0.000055085
     42     0.009967659    -0.003009921    -0.000247488      0.009961190    -0.000021564    -0.000095188
     43     0.010094954    -0.003054757    -0.000192271      0.010086293    -0.000028869    -0.000073950
     44     0.010159058    -0.003073511    -0.000069202      0.010150555    -0.000028344    -0.000026616
     45     0.010159058    -0.003073511     0.000069202      0.010150555    -0.000028344     0.000026616
     46     0.010094954    -0.003054757     0.000192271      0.010086293    -0.000028869     0.000073950
     47     0.009967659    -0.003009921     0.000247488      0.009961190    -0.000021564     0.000095188
     48     0.009803981    -0.002947320     0.000143221      0.009801961    -0.000006732     0.000055085
     49     0.009878846    -0.002969799    -0.000102600      0.009876820    -0.000006753    -0.000039462
     50     0.009976750    -0.003017508    -0.000194624      0.009968678    -0.000026904    -0.000074856
     51     0.010067332    -0.003062760    -0.000163976      0.010053301    -0.000046770    -0.000063068
     52     0.010118397    -0.003087681    -0.000062063      0.010101200    -0.000057320    -0.000023870
     53     0.010118397    -0.003087681     0.000062063      0.010101200    -0.000057320     0.000023870
     54     0.010067332    -0.003062760     0.000163976      0.010053301    -0.000046770     0.000063068
     55     0.009976750    -0.003017508     0.000194624      0.009968678    -0.000026904     0.000074856
     56     0.009878846    -0.002969799     0.000102600      0.009876820    -0.000006753     0.000039462
     57     0.009931729    -0.002984419    -0.000066496      0.009930114    -0.000005385    -0.000025575
     58     0.009985199    -0.003016479    -0.000134122      0.009978302    -0.000022989    -0.000051585
     59     0.010042926    -0.003051934    -0.000118392      0.010030051    -0.000042918    -0.000045535
     60     0.010078013    -0.003073392    -0.000045969      0.010061533    -0.000054932    -0.000017681
     61     0.010078013    -0.003073392     0.000045969      0.010061533    -0.000054932     0.000017681
     62     0.010042926    -0.003051934     0.000118392      0.010030051    -0.000042918     0.000045535
     63     0.009985199    -0.003016479     0.000134122      0.009978302    -0.000022989     0.000051585
     64     0.009931729    -0.002984419     0.000066496      0.009930114    -0.000005385     0.000025575
     65     0.009965551    -0.002993098    -0.000039596      0.009964419    -0.000003772    -0.000015229
     66     0.009991528    -0.003012723    -0.000084019      0.009986496    -0.000016775    -0.000032315
     67     0.010024930    -0.003036977    -0.000076828      0.010015205    -0.000032415    -0.000029549
     68     0.010046569    -0.003052461    -0.000030389      0.010033880    -0.000042297    -0.000011688
     69     0.010046569    -0.003052461     0.000030389      0.010033880    -0.000042297     0.000011688
     70     0.010024930    -0.003036977     0.000076828      0.010015205    -0.000032415     0.000029549
     71     0.009991528    -0.003012723     0.000084019      0.009986496    -0.000016775     0.000032315
     72     0.009965551    -0.002993098     0.000039596      0.009964419    -0.000003772     0.000015229
     73     0.009985378    -0.002997890    -0.000021376      0.009984627    -0.000002502    -0.000008221
     74     0.009995832    -0.003009057    -0.000048031      0.009992434    -0.000011326    -0.000018473
     75     0.010013205    -0.003024171    -0.000045690      0.010006542    -0.000022209    -0.000017573
     76     0.010025156    -0.003034116    -0.000018443      0.010016397    -0.000029197    -0.000007093
     77     0.010025156    -0.003034116     0.000018443      0.010016397    -0.000029197     0.000007093
     78     0.010013205    -0.003024171     0.000045690      0.010006542    -0.000022209     0.000017573
     79     0.009995832    -0.003009057     0.000048031      0.009992434    -0.000011326     0.000018473
     80     0.009985378    -0.002997890     0.000021376      0.009984627    -0.000002502     0.000008221
     81     0.009995727    -0.003000300    -0.000009195      0.009995205    -0.000001738    -0.000003536
     82     0.009998780    -0.003006614    -0.000023941      0.009996479    -0.000007670    -0.000009208
     83     0.010006545    -0.003015502    -0.000024656      0.010002082    -0.000014878    -0.000009483
     84     0.010012107    -0.003021448    -0.000010292      0.010006234    -0.000019577    -0.000003958
     85     0.010012107    -0.003021448     0.000010292      0.010006234    -0.000019577     0.000003958
     86     0.010006545    -0.003015502     0.000024656      0.010002082    -0.000014878     0.000009483
     87     0.009998780    -0.003006614     0.000023941      0.009996479    -0.000007670     0.000009208
     88     0.009995727    -0.003000300     0.000009195      0.009995205    -0.000001738     0.000003536
     89     0.009999543    -0.003000511    -0.000001153      0.009999329    -0.000000712    -0.000000444
     90     0.010000513    -0.003004265    -0.000007519      0.009999158    -0.000004517    -0.000002892
     91     0.010003569    -0.003010940    -0.000009134      0.010000316    -0.000010845    -0.000003513
     92     0.010005875    -0.003015954    -0.000003988      0.010001197    -0.000015595    -0.000001534
     93     0.010005875    -0.003015954     0.000003988      0.010001197    -0.000015595     0.000001534
     94     0.010003569    -0.003010940     0.000009134      0.010000316    -0.000010845     0.000003513
     95     0.010000513    -0.003004265     0.000007519      0.009999158    -0.000004517     0.000002892
     96     0.009999543    -0.003000511     0.000001153      0.009999329    -0.000000712     0.000000444
