/TITLE, FINE GRID CANTILEVER 12x8
/PREP7
! Define element type: ET, type #, name
ET,1,PLANE42
! Define material property: MP, property, card #, value
MP,EX,1,  1.00000000
MP,PRXY,1, 0.300000000
MP,DENS,1,  1.00000000
! Define nodal coordinate: N, node #, x-coord, y-coord, z-coord
N,    1, 0.00000000, 0.00000000, 0.
N,    2, 0.00000000, 0.50000000, 0.
N,    3, 0.00000000, 1.00000000, 0.
N,    4, 0.00000000, 1.50000000, 0.
N,    5, 0.00000000, 2.00000000, 0.
N,    6, 0.00000000, 2.50000000, 0.
N,    7, 0.00000000, 3.00000000, 0.
N,    8, 0.00000000, 3.50000000, 0.
N,    9, 0.00000000, 4.00000000, 0.
N,   10, 0.50000000, 0.00000000, 0.
N,   11, 0.50000000, 0.50000000, 0.
N,   12, 0.50000000, 1.00000000, 0.
N,   13, 0.50000000, 1.50000000, 0.
N,   14, 0.50000000, 2.00000000, 0.
N,   15, 0.50000000, 2.50000000, 0.
N,   16, 0.50000000, 3.00000000, 0.
N,   17, 0.50000000, 3.50000000, 0.
N,   18, 0.50000000, 4.00000000, 0.
N,   19, 1.00000000, 0.00000000, 0.
N,   20, 1.00000000, 0.50000000, 0.
N,   21, 1.00000000, 1.00000000, 0.
N,   22, 1.00000000, 1.50000000, 0.
N,   23, 1.00000000, 2.00000000, 0.
N,   24, 1.00000000, 2.50000000, 0.
N,   25, 1.00000000, 3.00000000, 0.
N,   26, 1.00000000, 3.50000000, 0.
N,   27, 1.00000000, 4.00000000, 0.
N,   28, 1.50000000, 0.00000000, 0.
N,   29, 1.50000000, 0.50000000, 0.
N,   30, 1.50000000, 1.00000000, 0.
N,   31, 1.50000000, 1.50000000, 0.
N,   32, 1.50000000, 2.00000000, 0.
N,   33, 1.50000000, 2.50000000, 0.
N,   34, 1.50000000, 3.00000000, 0.
N,   35, 1.50000000, 3.50000000, 0.
N,   36, 1.50000000, 4.00000000, 0.
N,   37, 2.00000000, 0.00000000, 0.
N,   38, 2.00000000, 0.50000000, 0.
N,   39, 2.00000000, 1.00000000, 0.
N,   40, 2.00000000, 1.50000000, 0.
N,   41, 2.00000000, 2.00000000, 0.
N,   42, 2.00000000, 2.50000000, 0.
N,   43, 2.00000000, 3.00000000, 0.
N,   44, 2.00000000, 3.50000000, 0.
N,   45, 2.00000000, 4.00000000, 0.
N,   46, 2.50000000, 0.00000000, 0.
N,   47, 2.50000000, 0.50000000, 0.
N,   48, 2.50000000, 1.00000000, 0.
N,   49, 2.50000000, 1.50000000, 0.
N,   50, 2.50000000, 2.00000000, 0.
N,   51, 2.50000000, 2.50000000, 0.
N,   52, 2.50000000, 3.00000000, 0.
N,   53, 2.50000000, 3.50000000, 0.
N,   54, 2.50000000, 4.00000000, 0.
N,   55, 3.00000000, 0.00000000, 0.
N,   56, 3.00000000, 0.50000000, 0.
N,   57, 3.00000000, 1.00000000, 0.
N,   58, 3.00000000, 1.50000000, 0.
N,   59, 3.00000000, 2.00000000, 0.
N,   60, 3.00000000, 2.50000000, 0.
N,   61, 3.00000000, 3.00000000, 0.
N,   62, 3.00000000, 3.50000000, 0.
N,   63, 3.00000000, 4.00000000, 0.
N,   64, 3.50000000, 0.00000000, 0.
N,   65, 3.50000000, 0.50000000, 0.
N,   66, 3.50000000, 1.00000000, 0.
N,   67, 3.50000000, 1.50000000, 0.
N,   68, 3.50000000, 2.00000000, 0.
N,   69, 3.50000000, 2.50000000, 0.
N,   70, 3.50000000, 3.00000000, 0.
N,   71, 3.50000000, 3.50000000, 0.
N,   72, 3.50000000, 4.00000000, 0.
N,   73, 4.00000000, 0.00000000, 0.
N,   74, 4.00000000, 0.50000000, 0.
N,   75, 4.00000000, 1.00000000, 0.
N,   76, 4.00000000, 1.50000000, 0.
N,   77, 4.00000000, 2.00000000, 0.
N,   78, 4.00000000, 2.50000000, 0.
N,   79, 4.00000000, 3.00000000, 0.
N,   80, 4.00000000, 3.50000000, 0.
N,   81, 4.00000000, 4.00000000, 0.
N,   82, 4.50000000, 0.00000000, 0.
N,   83, 4.50000000, 0.50000000, 0.
N,   84, 4.50000000, 1.00000000, 0.
N,   85, 4.50000000, 1.50000000, 0.
N,   86, 4.50000000, 2.00000000, 0.
N,   87, 4.50000000, 2.50000000, 0.
N,   88, 4.50000000, 3.00000000, 0.
N,   89, 4.50000000, 3.50000000, 0.
N,   90, 4.50000000, 4.00000000, 0.
N,   91, 5.00000000, 0.00000000, 0.
N,   92, 5.00000000, 0.50000000, 0.
N,   93, 5.00000000, 1.00000000, 0.
N,   94, 5.00000000, 1.50000000, 0.
N,   95, 5.00000000, 2.00000000, 0.
N,   96, 5.00000000, 2.50000000, 0.
N,   97, 5.00000000, 3.00000000, 0.
N,   98, 5.00000000, 3.50000000, 0.
N,   99, 5.00000000, 4.00000000, 0.
N,  100, 5.50000000, 0.00000000, 0.
N,  101, 5.50000000, 0.50000000, 0.
N,  102, 5.50000000, 1.00000000, 0.
N,  103, 5.50000000, 1.50000000, 0.
N,  104, 5.50000000, 2.00000000, 0.
N,  105, 5.50000000, 2.50000000, 0.
N,  106, 5.50000000, 3.00000000, 0.
N,  107, 5.50000000, 3.50000000, 0.
N,  108, 5.50000000, 4.00000000, 0.
N,  109, 6.00000000, 0.00000000, 0.
N,  110, 6.00000000, 0.50000000, 0.
N,  111, 6.00000000, 1.00000000, 0.
N,  112, 6.00000000, 1.50000000, 0.
N,  113, 6.00000000, 2.00000000, 0.
N,  114, 6.00000000, 2.50000000, 0.
N,  115, 6.00000000, 3.00000000, 0.
N,  116, 6.00000000, 3.50000000, 0.
N,  117, 6.00000000, 4.00000000, 0.
! Define element connectivity: EN, element #, nodal list
EN,    1,    1,   10,   11,    2
EN,    2,    2,   11,   12,    3
EN,    3,    3,   12,   13,    4
EN,    4,    4,   13,   14,    5
EN,    5,    5,   14,   15,    6
EN,    6,    6,   15,   16,    7
EN,    7,    7,   16,   17,    8
EN,    8,    8,   17,   18,    9
EN,    9,   10,   19,   20,   11
EN,   10,   11,   20,   21,   12
EN,   11,   12,   21,   22,   13
EN,   12,   13,   22,   23,   14
EN,   13,   14,   23,   24,   15
EN,   14,   15,   24,   25,   16
EN,   15,   16,   25,   26,   17
EN,   16,   17,   26,   27,   18
EN,   17,   19,   28,   29,   20
EN,   18,   20,   29,   30,   21
EN,   19,   21,   30,   31,   22
EN,   20,   22,   31,   32,   23
EN,   21,   23,   32,   33,   24
EN,   22,   24,   33,   34,   25
EN,   23,   25,   34,   35,   26
EN,   24,   26,   35,   36,   27
EN,   25,   28,   37,   38,   29
EN,   26,   29,   38,   39,   30
EN,   27,   30,   39,   40,   31
EN,   28,   31,   40,   41,   32
EN,   29,   32,   41,   42,   33
EN,   30,   33,   42,   43,   34
EN,   31,   34,   43,   44,   35
EN,   32,   35,   44,   45,   36
EN,   33,   37,   46,   47,   38
EN,   34,   38,   47,   48,   39
EN,   35,   39,   48,   49,   40
EN,   36,   40,   49,   50,   41
EN,   37,   41,   50,   51,   42
EN,   38,   42,   51,   52,   43
EN,   39,   43,   52,   53,   44
EN,   40,   44,   53,   54,   45
EN,   41,   46,   55,   56,   47
EN,   42,   47,   56,   57,   48
EN,   43,   48,   57,   58,   49
EN,   44,   49,   58,   59,   50
EN,   45,   50,   59,   60,   51
EN,   46,   51,   60,   61,   52
EN,   47,   52,   61,   62,   53
EN,   48,   53,   62,   63,   54
EN,   49,   55,   64,   65,   56
EN,   50,   56,   65,   66,   57
EN,   51,   57,   66,   67,   58
EN,   52,   58,   67,   68,   59
EN,   53,   59,   68,   69,   60
EN,   54,   60,   69,   70,   61
EN,   55,   61,   70,   71,   62
EN,   56,   62,   71,   72,   63
EN,   57,   64,   73,   74,   65
EN,   58,   65,   74,   75,   66
EN,   59,   66,   75,   76,   67
EN,   60,   67,   76,   77,   68
EN,   61,   68,   77,   78,   69
EN,   62,   69,   78,   79,   70
EN,   63,   70,   79,   80,   71
EN,   64,   71,   80,   81,   72
EN,   65,   73,   82,   83,   74
EN,   66,   74,   83,   84,   75
EN,   67,   75,   84,   85,   76
EN,   68,   76,   85,   86,   77
EN,   69,   77,   86,   87,   78
EN,   70,   78,   87,   88,   79
EN,   71,   79,   88,   89,   80
EN,   72,   80,   89,   90,   81
EN,   73,   82,   91,   92,   83
EN,   74,   83,   92,   93,   84
EN,   75,   84,   93,   94,   85
EN,   76,   85,   94,   95,   86
EN,   77,   86,   95,   96,   87
EN,   78,   87,   96,   97,   88
EN,   79,   88,   97,   98,   89
EN,   80,   89,   98,   99,   90
EN,   81,   91,  100,  101,   92
EN,   82,   92,  101,  102,   93
EN,   83,   93,  102,  103,   94
EN,   84,   94,  103,  104,   95
EN,   85,   95,  104,  105,   96
EN,   86,   96,  105,  106,   97
EN,   87,   97,  106,  107,   98
EN,   88,   98,  107,  108,   99
EN,   89,  100,  109,  110,  101
EN,   90,  101,  110,  111,  102
EN,   91,  102,  111,  112,  103
EN,   92,  103,  112,  113,  104
EN,   93,  104,  113,  114,  105
EN,   94,  105,  114,  115,  106
EN,   95,  106,  115,  116,  107
EN,   96,  107,  116,  117,  108
! Define boundary support conditions: D, node #, dof label, value
D,    1, UX, 0.000000000
D,    1, UY, 0.000000000
D,    2, UX, 0.000000000
D,    2, UY, 0.000000000
D,    3, UX, 0.000000000
D,    3, UY, 0.000000000
D,    4, UX, 0.000000000
D,    4, UY, 0.000000000
D,    5, UX, 0.000000000
D,    5, UY, 0.000000000
D,    6, UX, 0.000000000
D,    6, UY, 0.000000000
D,    7, UX, 0.000000000
D,    7, UY, 0.000000000
D,    8, UX, 0.000000000
D,    8, UY, 0.000000000
D,    9, UX, 0.000000000
D,    9, UY, 0.000000000
! Define nodal load conditions: F, node #, dof label, value
!F,  109, FX, 0.001250000
!F,  110, FX, 0.002500000
!F,  111, FX, 0.002500000
!F,  112, FX, 0.002500000
!F,  113, FX, 0.002500000
!F,  114, FX, 0.002500000
!F,  115, FX, 0.002500000
!F,  116, FX, 0.002500000
!F,  117, FX, 0.001250000
! Define surface load conditions: SFE, element #, face #, PRES, 0, value
SFE,   89, 2, PRES, 0, -0.01
SFE,   90, 2, PRES, 0, -0.01
SFE,   91, 2, PRES, 0, -0.01
SFE,   92, 2, PRES, 0, -0.01
SFE,   93, 2, PRES, 0, -0.01
SFE,   94, 2, PRES, 0, -0.01
SFE,   95, 2, PRES, 0, -0.01
SFE,   96, 2, PRES, 0, -0.01
FINISH
